100000486454408208159	100567638549968031422
100000763912458474062	101695373615640250123
100000763912458474062	104834129907874592944
100000763912458474062	107153364124481663469
100000763912458474062	109018224010056005635
100000763912458474062	109130886479781915270
100000763912458474062	109412257237874861202
100000763912458474062	109813896768294978296
100000763912458474062	110378953230340021029
100000763912458474062	110720576611232766643
100000763912458474062	111294201325870406922
100000763912458474062	111355895099122965371
100000763912458474062	114716671631005124422
100000763912458474062	114800747268559229378
100000763912458474062	114864017893355511120
100000763912458474062	115106448444522478339
100000763912458474062	117892288416322141592
100000763912458474062	117985061742250226747
100000772955143706751	100030967570283228843
100000772955143706751	100034852139736181861
100000772955143706751	100038567648880602892
100000772955143706751	100045990726747178457
100000772955143706751	100107863952801988267
100000772955143706751	100125012078853567494
100000772955143706751	100129275726588145876
100000772955143706751	100132612879660965860
100000772955143706751	100139396065575087708
100000772955143706751	100143588497058177943
100000772955143706751	100163594096411699235
100000772955143706751	100193529331792590881
100000772955143706751	100194394535307018014
100000772955143706751	100234866328923609404
100000772955143706751	100238683227109911259
100000772955143706751	100239357383983715731
100000772955143706751	100261488838238269483
100000772955143706751	100264010813126229552
100000772955143706751	100274807456209555586
100000772955143706751	100340410835745046253
100000772955143706751	100348228053016261723
100000772955143706751	100348624348633155177
100000772955143706751	100379345990767507644
100000772955143706751	100382076211124259598
100000772955143706751	100390111023341951431
100000772955143706751	100425119632011475995
100000772955143706751	100427688072977285329
100000772955143706751	100534424316001246594
100000772955143706751	100546244489450138446
100000772955143706751	100560478564575980731
100000772955143706751	100565385083793662565
100000772955143706751	100578645684682196736
100000772955143706751	100584443531788315896
100000772955143706751	100586853964716109844
100000772955143706751	100597038897915499206
100000772955143706751	100621204114976031079
100000772955143706751	100668989009254813743
100000772955143706751	100714308975866520106
100000772955143706751	100715738096376666180
100000772955143706751	100720409235366385249
100000772955143706751	100721679322847841821
100000772955143706751	100738104820868071597
100000772955143706751	100740773272993108424
100000772955143706751	100814315582544869163
100000772955143706751	100843590312663474180
100000772955143706751	100844400017051594747
100000772955143706751	100850366603336762261
100000772955143706751	100856215453651990855
100000772955143706751	100874515265830001658
100000772955143706751	100882238047955853731
100000772955143706751	100940716892313727285
100000772955143706751	100943369816102220478
100000772955143706751	100948164131944782568
100000772955143706751	100950274366779147873
100000772955143706751	100962627237594547235
100000772955143706751	100965894197958353340
100000772955143706751	100974258168375166691
100000772955143706751	100989412375630744487
100000772955143706751	101041393667288046408
100000772955143706751	101050326530183079061
100000772955143706751	101052845941647002594
100000772955143706751	101074477816061879888
100000772955143706751	101127105424399401348
100000772955143706751	101144838792283772783
100000772955143706751	101157854606139706613
100000772955143706751	101255055018541859826
100000772955143706751	101255758769313173476
100000772955143706751	101261243957067319422
100000772955143706751	101269616518480136760
100000772955143706751	101291405885251974009
100000772955143706751	101300494158572934944
100000772955143706751	101302643018559111382
100000772955143706751	101303101272501376461
100000772955143706751	101319199068187021366
100000772955143706751	101324614119590756927
100000772955143706751	101326473558851266458
100000772955143706751	101336441946387245415
100000772955143706751	101347453976804822388
100000772955143706751	101352107513314486437
100000772955143706751	101360643544552502915
100000772955143706751	101367799604091052665
100000772955143706751	101377128515177056129
